$jbas
*
cu def2-SVP
# cu    (19s5p5d3f3g) / [8s5p4d3f3g]     {(12)1111111/11111/2111/111/111}
*
  12  s
  22760.157532       2.0757355000
  7272.8802874       5.0748858000
  2725.0817134       12.189353500
  1480.3337422       10.734033200
  870.78452980       16.977903300
  533.02459640       14.540485400
  313.54387150       8.6537292000
  112.89791670      -4.1810761000
  66.410537400       8.1507841000
  39.065020900       16.872446900
  22.979423400       9.7250596000
  13.517307500      -5.7359384000
   1  s
  4.3193796000       4.8879037000
   1  s
  2.5408114000       3.6509306000
   1  s
  1.5552814000      0.97808720000
   1  s
 0.91487140000      0.66224330000
   1  s
 0.32941830000      0.16960940000
   1  s
 0.11398550000      0.20492900000E-01
   1  s
 0.67050300000E-01 -0.18056000000E-02
   1  p
  10.432723600      0.12518300000E-01
   1  p
  4.0251086000     -0.62625100000E-01
   1  p
  1.5534382000      0.55310800000E-01
   1  p
 0.59964230000      0.49618000000E-02
   1  p
 0.23148230000     -0.26596800000E-01
   2  d
  19.614008000     -0.21136600000E-01
  7.2975860000      0.26300900000E-01
   1  d
  2.7500946000     -0.31456000000E-02
   1  d
  1.0444408000     -0.14690600000E-01
   1  d
 0.39769340000      0.84000000000E-03
   1  f
  5.8169042000     -0.43051000000E-02
   1  f
 0.71565420000      0.31524000000E-02
   1  f
 0.89201900000E-01 -0.12290000000E-03
   1  g
  15.379472200      0.65104000000E-02
   1  g
  4.2631148000      0.47914000000E-02
   1  g
  1.1926492000     -0.66600000000E-03
*
c def2-SVP
# c     (12s5p4d2f1g) / [6s4p3d1f1g]     {711111/2111/211/2/1}
*
   7  s
  1861.0916331      0.74417100000E-01
  642.99397640      0.16539570000
  235.11057250      0.55764840000
  90.702889400       1.3108298000
  36.779455200       2.1694681000
  15.604627300       1.7668846000
  6.8907294000      0.29307690000
   1  s
  3.1478850000     -0.17087020000
   1  s
  1.4777287000      0.16415530000
   1  s
 0.70764660000      0.41499410000
   1  s
 0.34301220000      0.16243660000
   1  s
 0.16694530000      0.20767500000E-01
   2  p
  13.547289200     -0.20647700000E-01
  5.4669419000     -0.11528200000E-01
   1  p
  2.1751721000      0.45591400000E-01
   1  p
 0.85821940000      0.28360000000E-02
   1  p
 0.33767200000      0.18187500000E-01
   2  d
  5.9287253000     -0.22594800000E-01
  1.9809209000     -0.47682700000E-01
   1  d
 0.80554170000     -0.36537200000E-01
   1  d
 0.35312440000     -0.14541700000E-01
   2  f
  1.6755626000      0.88798000000E-02
 0.59975360000      0.69903000000E-02
   1  g
  1.0024600000     -0.22192000000E-02
*
o def2-SVP
# o     (12s5p4d2f1g) / [6s4p3d1f1g]     {711111/2111/211/2/1}
*
   7  s
  2876.8216605      0.14435580000
  1004.7443032      0.29200410000
  369.75799540       1.0258517000
  142.94424040       2.2875516000
  57.836642500       3.6080237000
  24.386498300       2.3737865000
  10.662266200      0.48941400000E-01
   1  s
  4.8070437000     -0.12951860000
   1  s
  2.2210770000      0.77471580000
   1  s
  1.0447795000      0.76478160000
   1  s
 0.49684250000      0.23698030000
   1  s
 0.23713840000      0.20809900000E-01
   2  p
  64.261338200     -0.12665900000E-01
  16.300607600     -0.37874400000E-01
   1  p
  4.3550542000      0.63807800000E-01
   1  p
  1.2019554000      0.16951600000E-01
   1  p
 0.33541960000      0.65743000000E-02
   2  d
  9.2146611000     -0.59791400000E-01
  2.8435251000     -0.84672400000E-01
   1  d
 0.99557590000     -0.46606600000E-01
   1  d
 0.36494410000     -0.96978000000E-02
   2  f
  2.6420115000       1.0000000000
 0.73456130000       1.0000000000
   1  g
  1.3931000000     -0.16533000000E-02
*
co def2-SVP
# co    (19s5p5d3f3g) / [8s5p5d2f3g]     {(12)1111111/11111/11111/21/111}
*
  12  s
  22984.741247       1.8791745000
  11624.109927     -0.10097190000
  5640.3127898       5.4867635000
  2645.0376429       6.3829372000
  1371.0418944       15.317660500
  651.59104700       19.384151700
  339.59081220       13.776060100
  160.59579740      0.43015350000
  80.401475400      -2.4807282000
  42.131683500       17.166973500
  21.173324000       12.754955800
  10.698379700      -5.3364495000
   1  s
  5.3718887000       1.8124877000
   1  s
  2.7108298000       4.9363750000
   1  s
  1.3406445000       1.4812423000
   1  s
 0.68447810000      0.30533610000
   1  s
 0.35006730000      0.14312340000
   1  s
 0.17710670000      0.35875600000E-01
   1  s
 0.89954800000E-01  0.60550000000E-03
   1  p
  2.4895098000     -0.47788400000E-01
   1  p
  1.1178371000      0.77994600000E-01
   1  p
 0.50576050000     -0.16110700000E-01
   1  p
 0.22988170000     -0.18076600000E-01
   1  p
 0.10464790000      0.10136000000E-02
   1  d
  39.100994700      0.12071900000E-01
   1  d
  13.413658100     -0.61879400000E-01
   1  d
  4.5931057000     -0.10160320000
   1  d
  1.5710363000     -0.72091700000E-01
   1  d
 0.53716330000      0.69216000000E-02
   2  f
  6.3589028000     -0.13940700000E-01
  1.8418252000     -0.15213000000E-02
   1  f
 0.53596830000      0.85099000000E-02
   1  g
  18.195460900      0.65067700000E-01
   1  g
  6.0833764000      0.99422100000E-01
   1  g
  2.0211729000      0.49378600000E-01
*
$end
