$basis
*
cu def2-SVP
# cu    (14s9p5d1f) / [5s3p2d1f]     {63311/531/41/1}
*
   6  s
  76381.348056      0.14336079896E-02
  11468.777499      0.10986749865E-01
  2609.4246495      0.54513652465E-01
  736.75033098      0.18990128258
  239.82419958      0.38581959211
  82.656829252      0.29790607498
   3  s
  160.13544196     -0.11146778567
  18.834177695      0.65349301031
  7.7176595741      0.44770534421
   3  s
  13.710846717     -0.22870911122
  2.2349895670      0.73464423031
 0.87818360069      0.43273070874
   1  s
 0.87187458064E-01   1.0000000000
   1  s
 0.32969114665E-01   1.0000000000
   5  p
  991.24075782      0.93878498798E-02
  233.69376116      0.70208282458E-01
  74.020930927      0.27323522220
  26.664967447      0.53580792728
  9.9192087478      0.34575794906
   3  p
  5.1519553926      0.34229108083
  1.9638205828      0.56456592484
 0.71560097037      0.24078584318
   4  d
  47.335049590      0.32375547758E-01
  13.161666077      0.16810218684
  4.3693777244      0.38477707982
  1.4132925109      0.46147880178
   1  d
 0.38878001452      0.32388873258
   1  p
 0.15506500000       1.0000000000
   1  f
  2.2330000000       1.0000000000
*
c def2-SVP
# c     (7s4p1d) / [3s2p1d]     {511/31/1}
*
   5  s
  1238.4016938      0.54568832082E-02
  186.29004992      0.40638409211E-01
  42.251176346      0.18025593888
  11.676557932      0.46315121755
  3.5930506482      0.44087173314
   1  s
 0.40245147363       1.0000000000
   1  s
 0.13090182668       1.0000000000
   3  p
  9.4680970621      0.38387871728E-01
  2.0103545142      0.21117025112
 0.54771004707      0.51328172114
   1  p
 0.15268613795       1.0000000000
   1  d
 0.80000000000       1.0000000000
*
o def2-SVP
# o     (7s4p1d) / [3s2p1d]     {511/31/1}
*
   5  s
  2266.1767785     -0.53431809926E-02
  340.87010191     -0.39890039230E-01
  77.363135167     -0.17853911985
  21.479644940     -0.46427684959
  6.6589433124     -0.44309745172
   1  s
 0.80975975668       1.0000000000
   1  s
 0.25530772234       1.0000000000
   3  p
  17.721504317      0.43394573193E-01
  3.8635505440      0.23094120765
  1.0480920883      0.51375311064
   1  p
 0.27641544411       1.0000000000
   1  d
  1.2000000000       1.0000000000
*
co def2-SVP
# co    (14s9p5d1f) / [5s3p2d1f]     {63311/531/41/1}
*
   6  s
  65902.208257      0.14284614936E-02
  9895.3896027      0.10946072783E-01
  2251.4305789      0.54285953890E-01
  635.61097084      0.18885179079
  206.78820681      0.38301634994
  71.179242971      0.29443551266
   3  s
  137.77268040     -0.10990221736
  16.118079243      0.64455537395
  6.6030327710      0.45116787924
   3  s
  11.479915788     -0.22593846910
  1.8956426324      0.72231409008
 0.78466232067      0.44903812296
   1  s
 0.98425774432E-01   1.0000000000
   1  s
 0.35945741932E-01   1.0000000000
   5  p
  843.64358575      0.93866097254E-02
  198.76386994      0.69880208716E-01
  62.854963098      0.27037070345
  22.562842280      0.52904786880
  8.3713209127      0.34357029579
   3  p
  4.2858719800      0.34027999036
  1.6508041817      0.56693392384
 0.61834231096      0.23617979783
   4  d
  42.927867612      0.28487788365E-01
  11.942533053      0.15206951283
  4.0046495664      0.37310913999
  1.3413193804      0.47549837676
   1  d
 0.40015009743      0.31346831424
   1  p
 0.14130800000       1.0000000000
   1  f
  1.9030000000       1.0000000000
*
$end
