$coord
   19.77634302861350     19.77634302861350     21.67748310734178      cu
   23.07227106876334     19.77634302861350     25.13549295790922      cu
   19.77634302861350     23.07228996602467     25.13549295790922      cu
   19.77634302861350     16.48039609120234     25.13549295790922      cu
   16.48039609120234     19.77634302861350     25.13549295790922      cu
   26.36818021165185     19.77634302861350     28.63167527636094      cu
   23.07227106876334     23.07228996602467     28.63167527636094      cu
   23.07227106876334     16.48039609120234     28.63167527636094      cu
   19.77634302861350     13.18448694831383     28.63167527636094      cu
   19.77634302861350     26.36819910891318     28.63167527636094      cu
   19.77634302861350     19.77634302861350     28.63167527636094      cu
   16.48039609120234     23.07228996602467     28.63167527636094      cu
   16.48039609120234     16.48039609120234     28.63167527636094      cu
   13.18446805105250     19.77634302861350     28.63167527636094      cu
   26.36818021165185     23.07228996602467     32.08760642818221      cu
   26.36818021165185     16.48039609120234     32.08760642818221      cu
   23.07227106876334     13.18448694831383     32.08760642818221      cu
   23.07227106876334     26.36819910891318     32.08760642818221      cu
   23.07227106876334     19.77634302861350     32.08760642818221      cu
   19.77634302861350      9.88778412044951     32.08760642818221      cu
   19.77634302861350     29.66412714906302     32.08760642818221      cu
   19.77634302861350     23.07228996602467     32.08760642818221      cu
   19.77634302861350     16.48039609120234     32.08760642818221      cu
   16.48039609120234     13.18448694831383     32.08760642818221      cu
   16.48039609120234     26.36819910891318     32.08760642818221      cu
   16.48039609120234     19.77634302861350     32.08760642818221      cu
   13.18446805105250     23.07228996602467     32.08760642818221      cu
   13.18446805105250     16.48039609120234     32.08760642818221      cu
    9.88854001090266     19.77634302861350     32.08760642818221      cu
   29.66488303951617     19.77634302861350     32.08760642818221      cu
   26.37173289678168     13.18087757140002     35.60359307650658      cu
   26.37173289678168     26.37180848582699     35.60359307650658      cu
    6.57654929862330     19.77634302861350     35.63097520817210      cu
   26.35289232723681     19.77634302861350     35.63097520817210      cu
   23.06962545217730      9.88778412044951     35.59928450092359      cu
   23.06962545217730     29.66412714906302     35.59928450092359      cu
   23.06287912988290     23.06284133536024     35.62417219409371      cu
   23.06287912988290     16.48984472186677     35.62417219409371      cu
   19.77634302861350     13.19983152451286     35.63097520817210      cu
   19.77634302861350     32.97617455312637     35.63097520817210      cu
   19.77634302861350      6.57651150410064     35.63097520817210      cu
   19.77634302861350     26.35285453271415     35.63097520817210      cu
   19.77634302861350     19.77634302861350     35.71108069894512      cu
   16.48304170778838      9.88778412044951     35.59928450092359      cu
   16.48304170778838     29.66412714906302     35.59928450092359      cu
   16.48978803008278     23.06284133536024     35.62417219409371      cu
   16.48978803008278     16.48984472186677     35.62417219409371      cu
   13.18091536592268     13.18087757140002     35.60359307650658      cu
   13.18091536592268     26.37180848582699     35.60359307650658      cu
   13.19975593546755     19.77634302861350     35.63097520817210      cu
   32.97609896408105     19.77634302861350     35.63097520817210      cu
    9.88854001090266     23.06962545217730     35.59928450092359      cu
   29.66488303951617     23.06962545217730     35.59928450092359      cu
    9.88854001090266     16.48306060504971     35.59928450092359      cu
   29.66488303951617     16.48306060504971     35.59928450092359      cu
   26.39520329535211      9.88778412044951     39.16204187103689      cu
   26.39520329535211     29.66412714906302     39.16204187103689      cu
    6.64227397352506     23.12280234555670     39.11256884087794      cu
   26.41861700213857     23.12280234555670     39.11256884087794      cu
    6.64227397352506     16.42988371167030     39.11256884087794      cu
   26.41861700213857     16.42988371167030     39.11256884087794      cu
   23.12280234555670     13.13401236330446     39.11256884087794      cu
   23.12280234555670     32.91035539191796     39.11256884087794      cu
   23.12280234555670      6.64233066530905     39.11256884087794      cu
   23.12280234555670     26.41867369392255     39.11256884087794      cu
    3.42070665670428     19.77634302861350     39.21470853836041      cu
   23.19704968531778     19.77634302861350     39.21470853836041      cu
   19.77634302861350      9.88778412044951     39.13152279399078      cu
   19.77634302861350     29.66412714906302     39.13152279399078      cu
   19.77634302861350      3.42074445122693     39.21470853836041      cu
   19.77634302861350     23.19708747984044     39.21470853836041      cu
   19.77634302861350     16.35559857738657     39.21470853836041      cu
   19.77634302861350     36.13194160600008     39.21470853836041      cu
   16.42986481440898     13.13401236330446     39.11256884087794      cu
   16.42986481440898     32.91035539191796     39.11256884087794      cu
   16.42986481440898      6.64233066530905     39.11256884087794      cu
   16.42986481440898     26.41867369392255     39.11256884087794      cu
   16.35563637190923     19.77634302861350     39.21470853836041      cu
   36.13196050326140     19.77634302861350     39.21470853836041      cu
   13.15744496735224      9.88778412044951     39.16204187103689      cu
   13.15744496735224     29.66412714906302     39.16204187103689      cu
   13.13403126056578     23.12280234555670     39.11256884087794      cu
   32.91037428917929     23.12280234555670     39.11256884087794      cu
   13.13403126056578     16.42988371167030     39.11256884087794      cu
   32.91037428917929     16.42988371167030     39.11256884087794      cu
    9.88854001090266     26.39527888439743     39.16206076829822      cu
   29.66488303951617     26.39527888439743     39.16206076829822      cu
    9.88854001090266     19.77634302861350     39.13152279399078      cu
   29.66488303951617     19.77634302861350     39.13152279399078      cu
    9.88854001090266     13.15740717282958     39.16206076829822      cu
   29.66488303951617     13.15740717282958     39.16206076829822      cu
   23.16125827236093     19.77634302861350     43.40876671768681      c
   19.77634302861350     23.16127716962226     43.40876671768681      c
   19.77634302861350     16.39140888760475     43.40876671768681      c
   16.39140888760475     19.77634302861350     43.40876671768681      c
   24.97101119530285     19.77634302861350     44.67711310355699      o
   19.77634302861350     24.97103009256418     44.67707530903434      o
   19.77634302861350     14.58165596466283     44.67707530903434      o
   14.58165596466283     19.77634302861350     44.67709420629566      o
   19.77634302861350     19.77634302861350     42.64580868879556      co
$user-defined bonds
$end
