$coord
   -3.30003132173512      4.80921822240137      0.01024482365777      n
    1.97724994763792      4.87255804153697      0.00247035705369      n
   -3.27901035960556     -0.46820689936060      0.01660163966543      n
    1.99822237551221     -0.40488967725670      0.00090093855216      n
   -2.99364720148446      7.43595762536781      0.00197433945751      c
   -5.92164526054489      4.46095121239136      0.01793875218930      c
   -7.21549783117840      6.82521315109369      0.01309866832401      c
   -5.37847011677191      8.69209861529979      0.00252035295378      c
   -0.67559103782727      8.69594015395319     -0.00175338579944      c
    1.63905802899461      7.47778397277429      0.00028278943546      c
    4.58755765123860      4.57611234212891      0.00172371044579      c
    5.87739281392035      6.99825441048694      0.00041189186310      c
    4.04009284480201      8.80629268017898     -0.00082305230725      c
    5.84258066337550      2.28133761445539      0.00114078720063      c
    4.61974182047651     -0.05664572278908      0.00031773524106      c
    5.91378484367473     -2.42105272793398     -0.00243031185992      c
    1.69183068381563     -3.03173522721726     -0.00178815356542      c
    4.07648951795861     -4.28758094671395     -0.00469880851214      c
   -0.62627294720561     -4.29148391002091      0.00154028326487      c
   -2.94084445090962     -3.07354810410989      0.01289129816097      c
   -5.34189880179522     -4.40191237689084      0.02515694731416      c
   -7.17918877860165     -2.59391176961942      0.03682215091529      c
   -5.88938461344680     -0.17174809785570      0.02972658401682      c
   -7.14424993972445      2.12300324800234      0.03052513231514      c
   -5.63026831781006     10.74945603691459     -0.00401383945952      h
   -9.27683767367553      7.04425304210431      0.01676614010848      h
   -9.22101495280125      2.11099170679191      0.03946410450996      h
   -9.23905489147857     -2.82240216496624      0.04851115575529      h
   -5.53737924534288     -6.46523665507307      0.02545586983765      h
   -0.60494163619664     -6.36820872435466     -0.00181043060438      h
    4.32833773816687     -6.34527180971058     -0.00626926312190      h
    7.97489082470014     -2.64002296845794     -0.00175073826101      h
    7.91920039978456      2.29335186111816      0.00021639257031      h
    7.93731158324197      7.22681126521490      0.00021716632397      h
    4.23553746046912     10.86960346442145     -0.00225878743440      h
   -0.69695193132145     10.77250572748752     -0.00490393096527      h
   -0.65088266421421      2.20216536120729      0.00770675612666      fe
$user-defined bonds
$end
